92.447 62.566 32.941 cm
69.401 81.980 88.118 mm
error 97.524 39.634 m
85.334 37.924 8.490 mm
88.175 23.359 46.095 mm
48.387 67.918 94.867 mm
99.020 62.529 whoops m
66.008 10.548 40.873 m
32.023 17.871 76.234 cm
48.335 invalid 62.834 m
18.465 51.570 15.712 mm
6.711 15.484 40.310 error
90.507 64.123 4.335 cm
65.490 87.842 28.060 mm
this isn't valid oops
44.365 61.759 87.493 m
82.583 67.825 72.837 cm
75.925 0.522 80.547 cm
74.574 55.226 15.696 mm
58.293 70.457 70.779 m
87.357 67.338 34.495 mm
err 58.319 inv cm
46.117 80.148 75.524 m
er i 76.734 mm
45.592 59.552 3.985 mm
48.515 77.622 35.482 m
62.852 90.508 54.916 cm
24.898 95.937 35.419 cm
97.600 19.959 76.040 cm
77.423 67.300 31.884 m
31.765 26.280 9.063 mm
95.412 55.249 89.732 cm
61.264 69.550 21.878 cm
21.221 78.964 79.468 cm
91.158 error inv mm
44.035 15.246 9.812 m
24.913 13.678 10.527 m
9.371 60.587 11.107 mm
91.306 27.677 18.956 cm
40.147 39.823 75.449 mm
47.066 0.047 65.277 mm
84.860 56.719 68.593 cm
94.091 51.602 32.414 invalid
34.254 23.344 91.455 mm
72.676 79.446 29.291 mm
21.485 44.938 30.236 m
82.537 3.303 92.263 e
40.403 69.429 6.596 cm
65.452 66.862 35.316 cm
3.331 9.982 65.529 cm
36.621 6.050 71.707 cm
81.235 65.137 4.226 cm
97.349 35.689 89.659 f
23.706 2.448 0.090 cm
23.769 42.790 79.927 mm
51.668 23.556 16.658 cm
98.219 26.684 24.365 m
2.788 43.872 16.255 mm
42.780 47.171 56.326 cm
83.292 28.958 2.193 mm
43.560 91.867 55.929 mm
93.629 52.607 54.404 mm
17.300 49.253 50.138 off
13.548 0.548 27.479 mm
54.877 46.442 18.868 m
51.961 33.405 6.435 m
44.740 53.055 51.644 cm
75.607 41.469 62.356 mm
66.253 56.461 80.403 m
95.258 13.940 72.622 mm
70.966 73.227 48.846 mm
33.378 39.953 99.029 m
62.496 2.494 55.548 cm
89.667 55.731 7.807 cm
16.301 85.050 86.229 m
49.497 33.802 4.841 cm
#### 68.340 44.087 m
29.923 35.838 94.170 cm
43.127 26.998 73.314 m
15.924 75.781 92.934 cm
89.027 54.325 21.225 mm
82.246 51.114 68.228 m
63.904 37.134 15.124 :(
55.337 79.689 60.098 cm
90.701 54.394 35.573 cm
80.460 %%%% 48.756 m
38.577 71.823 40.621 mm
78.418 92.949 28.229 cm
42.129 47.287 2.405 cm
88.428 50.227 50.424 m
62.981 93.353 81.378 whoops
57.166 80.391 71.433 m
73.963 93.326 98.891 cm
67.386 44.167 44.195 cm
58.478 5.982 41.530 m
56.605 13.813 18.116 mm
44.935 64.578 9.967 m
87.992 50.860 **** m
35.963 88.261 92.402 cm
66.031 13.289 11.605 cm
