68.073 21.686 67.752 cm
error 40.004 71.103 m
37.265 54.807 58.761 m
56.307 36.982 80.679 m
40.981 48.908 45.307 mm
19.258 inv 85.992 mm
44.510 70.932 76.629 cm
10.818 95.452 38.009 e
51.042 38.691 15.113 mm
28.292 47.992 5.666 cm
52.618 84.950 33.244 cm
51.237 7.733 oops cm
23.073 58.506 44.051 mm
0.395 97.733 64.303 m
58.004 26.107 59.883 m
11.699 96.921 29.625 cm
44.035 error 60.301 m
80.594 47.208 74.040 m
76.454 66.046 14.927 mm
46.039 56.378 53.075 cm
35.413 33.944 61.132 mm
invalid 73.690 wrong cm
13.132 6.914 88.836 m
86.401 17.429 11.840 m
38.807 13.635 88.382 m
92.367 64.804 80.038 m
93.006 78.669 18.225 m
18.432 11.664 60.802 m
31.879 67.345 49.034 INV
78.584 76.195 41.513 m
49.270 57.415 98.223 mm
58.498 12.459 86.267 cm
74.785 68.946 71.958 mm
34.287 18.872 49.525 m
4.078 12.728 91.464 mm
32.168 33.390 7.657 mm
30.643 95.587 90.054 cm
69.708 27.528 23.966 m
23.109 59.944 17.595 cm
51.074 83.760 8.825 m
3.660 30.173 13.276 m
35.252 63.384 56.811 cm
1.145 45.424 27.948 mm
39.896 67.176 67.419 cm
52.598 93.986 51.798 m
45.155 79.735 57.485 cm
65.404 7.201 44.741 cm
93.464 58.310 56.562 m
89.591 35.456 43.030 mm
24.355 57.609 39.877 mm
45.964 44.666 31.052 inv
33.608 79.008 89.696 m
2.257 80.773 80.495 mm
0.490 11.741 30.962 mm
39.952 16.392 61.403 mm
1.030 70.676 14.070 cm
97.370 13.068 74.096 cm
30.409 64.765 45.662 m
58.490 37.442 45.461 cm
66.476 67.684 14.892 m
47.094 46.312 76.781 m
21.301 28.345 19.902 m
30.042 4.315 72.161 mm
22.091 40.639 76.774 mm
52.699 90.707 20.501 m
57.554 80.570 87.731 m
12.821 23.709 78.563 m
55.513 Error 49.795 m
23.955 35.440 23.672 m
10.815 56.601 8.556 cm
40.384 36.102 yikes m
oops 60.385 49.787 mm
47.541 48.241 2.584 cm
90.334 27.576 12.351 e
25.941 34.991 75.562 m
30.109 27.926 61.506 m
24.326 55.047 56.770 cm
31.489 94.624 80.144 mm
82.835 10.683 99.437 cm
88.625 65.335 15.545 mm
43.026 53.470 68.344 m
27.978 20.125 69.627 m
66.812 14.712 70.733 m
48.796 23.684 86.400 cm
23.117 0.307 25.450 m
:( 40.618 98.178 mm
21.545 45.651 86.426 mm
29.736 67.910 45.327 mm
68.120 38.920 26.975 mm
8.558 63.344 29.798 mm
4.522 20.249 79.493 m
6.205 54.694 31.771 m
11.110 42.847 98.477 m
78.982 11.079 91.009 cm
99.566 55.009 49.453 m
60.013 50.187 72.809 m
82.898 ERROR 15.735 mm
25.224 38.419 64.859 m
39.715 2.991 87.173 m
94.846 98.403 7.869 E
3.436 17.235 9.097 mm
54.393 5.337 95.141 mm
inv 10.016 92.225 cm
95.125 18.159 apple mm
18.920 34.708 41.881 cm
73.893 77.433 17.791 m
43.781 57.982 20.219 cm
94.302 55.429 53.920 m
56.609 59.350 76.272 mm
78.300 96.801 95.207 cm
42.685 83.032 46.176 m
99.402 42.098 83.339 mm
43.849 44.602 93.232 cm
68.712 84.654 88.930 mm
13.596 22.705 97.572 mm
21.487 47.744 13.074 m
29.669 58.911 28.548 m
16.896 18.272 76.033 cm
63.018 50.225 64.253 cm
91.594 64.112 pear m
46.603 30.630 4.723 cm
68.465 47.476 81.566 cm
err 46.414 28.611 mm
53.736 4.539 26.808 m
80.411 81.981 59.662 cm
33.570 25.448 65.187 cm
80.068 79.338 38.663 cm
5.146 31.272 45.803 m
40.652 27.820 4.487 mm
16.212 11.484 34.301 m
95.055 55.804 79.085 m
1.652 71.539 65.532 cm
26.801 39.363 67.878 cm
54.687 33.202 41.227 cm
86.490 84.066 18.472 cm
96.484 15.944 73.922 cm
77.344 52.835 44.000 cm
69.470 72.721 95.214 mm
99.672 73.801 8.412 WHOOPS
inv 46.286 45.948 m
28.168 30.237 94.036 mm
61.684 46.669 11.584 cm
17.863 INVALID 22.928 cm
49.876 INVALID 16.914 cm
21.065 INVALID 66.003 cm
46.034 INVALID 35.930 m
66.110 15.471 10.216 mm
95.578 15.559 27.848 cm
99.791 83.732 45.408 mm
28.712 31.935 99.306 mm
56.001 1.115 6.857 cm
72.686 98.170 99.360 m
44.765 10.433 67.877 m
er 2.661 50.761 m
92.050 24.720 61.034 mm
9.761 7.735 53.269 cm
62.687 13.232 62.915 m
87.544 62.990 74.990 ERR
26.702 95.543 50.473 cm
39.959 20.831 27.871 mm
68.431 47.551 36.180 m
18.563 96.947 13.112 cm
74.143 84.614 3.387 cm
84.741 95.094 11.848 m
5.077 9.889 19.324 mm
49.362 25.968 78.565 cm
56.754 23.079 37.945 mm
91.801 38.309 23.901 m
22.409 27.431 24.148 cm
3.441 26.774 57.880 mm
30.083 51.623 71.466 mm
25.943 96.330 92.106 cm
31.429 4.558 59.522 m
2.082 61.604 55.331 cm
97.582 97.970 error cm
42.299 62.503 70.766 m
oof 6.117 16.591 m
21.019 2.994 49.592 cm
95.669 91.923 6.920 m
97.551 76.454 46.350 mm
2.935 ErrOr 76.635 mm
86.459 69.229 24.937 mm
9.732 13.678 97.146 m
98.795 42.329 65.969 ERROR
48.624 71.700 50.980 mm
51.843 18.733 96.449 mm
85.857 19.596 90.860 cm
46.361 52.689 43.392 m
82.333 93.452 21.875 m
68.977 29.000 72.875 cm
34.876 5.765 94.217 mm
65.484 91.339 51.901 cm
error 50.806 37.734 cm
4.650 13.034 54.753 cm
90.457 36.530 32.222 mm
86.375 52.689 22.507 mm
22.293 81.030 34.803 mm
70.479 33.740 43.417 error
19.588 43.050 76.246 cm
65.596 51.547 66.396 cm
2.636 6.508 5.785 mm
23.425 22.821 33.694 mm
27.030 80.393 13.312 m
57.706 77.618 90.191 m
11.938 48.780 2.072 cm
93.065 19.909 84.833 cm
25.924 6.401 8.945 m
88.808 notvalid 28.732 mm
50.444 17.450 67.510 cm
10.873 69.958 30.909 cm
invalid 9.851 68.010 m
INVALID INVALID INVALID INVALID
1.964 77.594 22.886 mm
66.476 50.938 48.593 cm
6.948 32.518 9.085 m
11.180 9.446 9.191 cm
3.605 60.088 APPLE cm
9.778 76.609 95.106 cm
81.315 69.705 43.676 m
40.423 15.972 16.146 cm
65.306 12.012 69.480 m
58.771 70.052 79.748 mm
64.919 29.069 2.504 cm
63.521 37.867 74.127 cm
98.639 67.448 92.856 cm
24.955 19.337 50.697 cm
29.642 52.792 2.172 m
40.206 48.882 65.643 mm
96.344 39.622 8.828 mm
59.428 94.481 31.152 m
46.444 87.376 67.708 m
10.039 16.550 52.842 m
49.073 41.959 46.117 cm
6.346 18.598 51.342 cm
notvalid 90.333 50.383 mm
48.651 54.327 5.970 m
98.664 23.242 8.028 mm
52.821 81.640 13.460 ee
^ 86.641 69.712 m
38.534 11.528 63.722 cm
ERROR ERROR ERROR cm
56.520 47.754 11.662 m
98.622 OOF 13.790 m
3.769 18.424 34.553 mm
12.961 44.270 8.524 mm
76.950 51.301 73.563 mm
15.847 19.233 81.053 m
21.242 25.588 10.935 m
42.399 25.365 23.619 e
84.139 :( 88.157 cm
